Time	Response
0.000	3.083441
0.300	9.995174
0.600	18.606348
0.900	25.351885
1.201	40.419434
1.501	45.959576
1.801	53.009079
2.101	54.124517
2.401	54.232935
2.701	69.069913
3.002	59.165795
3.302	75.822250
3.602	87.181115
3.902	88.182251
4.202	87.436309
4.502	94.978786
4.802	92.671279
5.103	92.139797
5.403	91.167181
5.703	97.096612
6.003	97.984340
6.303	102.806473
6.603	105.409793
6.903	105.432272
7.204	102.297403
7.504	114.022145
7.804	106.957273
8.104	110.169251
8.404	111.140982
8.704	108.275680
9.005	108.094719
9.305	111.287809
9.605	108.760368
9.905	111.951030
10.205	110.453473
10.505	110.758037
10.805	114.982236
11.106	117.131105
11.406	117.496051
11.706	118.882427
12.006	118.819779
12.306	119.014175
12.606	110.941819
12.906	111.971528
13.207	118.180306
13.507	119.243497
13.807	117.737877
14.107	117.272798
14.407	117.092228
14.707	112.234789
15.008	116.508179
15.308	118.446723
15.608	112.876784
15.908	114.256161
16.208	114.778812
16.508	123.689758
16.808	118.168928
17.109	118.514762
17.409	121.320847
17.709	117.093858
18.009	119.978633
18.309	114.457011
18.609	118.380737
18.909	113.695094
19.210	119.891419
19.510	118.289322
19.810	121.208039
20.110	120.750318
20.410	118.768398
20.710	121.303526
21.011	123.801459
21.311	126.258667
21.611	122.027829
21.911	118.692168
22.211	124.081664
22.511	116.687372
22.811	115.566209
23.112	122.079744
23.412	120.560138
23.712	116.382447
24.012	123.903827
24.312	116.367979
24.612	111.811203
24.912	118.701213
25.213	126.675738
25.513	121.690994
25.813	115.895537
26.113	122.576421
26.413	125.897790
26.713	119.099115
27.014	119.329031
27.314	114.807306
27.614	117.434986
27.914	119.684209
28.214	120.438199
28.514	116.495382
28.814	119.314911
29.115	118.089951
29.415	120.171134
29.715	115.124397
30.015	120.535432
30.315	115.237117
30.615	114.038451
30.915	118.220679
31.216	123.282670
31.516	118.089800
31.816	121.389764
32.116	124.097411
32.416	123.255952
32.716	123.586842
33.017	115.563032
33.317	124.710472
33.617	117.006543
33.917	118.730941
34.217	116.529913
34.517	130.286204
34.817	112.299482
35.118	111.849130
35.418	116.946813
35.718	116.805247
36.018	123.297145
36.318	117.912153
36.618	118.274083
36.918	116.539500
37.219	124.902066
37.519	115.445304
37.819	118.358596
38.119	119.993828
38.419	115.952579
38.719	123.542078
39.020	113.687587
39.320	117.986547
39.620	115.877600
39.920	113.289689
40.220	114.784039
40.520	121.124537
40.820	114.184809
41.121	116.029286
41.421	117.021558
41.721	115.834453
42.021	117.626356
42.321	117.941277
42.621	117.170023
42.921	109.369375
43.222	120.602952
43.522	118.255378
43.822	119.009955
44.122	117.015339
44.422	116.014670
44.722	120.804172
45.023	122.912041
45.323	120.511659
45.623	116.192650
45.923	120.562029
46.223	113.389644
46.523	119.635407
46.823	116.376467
47.124	115.975296
47.424	117.078084
47.724	112.786073
48.024	113.716371
48.324	118.327139
48.624	123.670243
48.924	112.623874
49.225	115.663988
49.525	113.668384
49.825	117.107783
50.125	122.241216
50.425	123.653533
50.725	124.472753
51.026	125.430794
51.326	118.732121
51.626	123.350199
51.926	116.082724
52.226	120.476628
52.526	123.211142
52.826	119.796303
53.127	125.511769
53.427	118.557921
53.727	119.022015
54.027	124.908191
54.327	117.402736
54.627	118.236437
54.927	114.250608
55.228	119.570280
55.528	118.554432
55.828	115.627016
56.128	124.880078
56.428	115.321281
56.728	113.865464
57.029	124.874238
57.329	119.784257
57.629	114.701659
57.929	115.791231
58.229	114.225285
58.529	118.354076
58.829	118.363548
59.130	116.696173
59.430	122.014053
59.730	123.406554
60.030	118.209983
60.330	115.618406
60.630	123.584614
60.930	123.226928
61.231	121.503252
61.531	113.520645
61.831	118.240640
62.131	112.652400
62.431	114.172595
62.731	121.506333
63.032	121.178702
63.332	118.386297
63.632	124.811906
63.932	124.890097
64.232	119.748449
64.532	119.227597
64.832	124.629432
65.133	119.532635
65.433	117.461711
65.733	120.670846
66.033	117.410518
66.333	118.186953
66.633	120.717254
66.933	119.523260
67.234	118.968062
67.534	116.608939
67.834	122.254810
68.134	115.699255
68.434	118.005503
68.734	116.634255
69.035	119.023224
69.335	121.411078
69.635	121.220015
69.935	124.210977
70.235	118.648917
70.535	118.286018
70.835	118.261568
71.136	111.982311
71.436	121.304113
71.736	124.890845
72.036	122.656047
72.336	121.488604
72.636	123.627979
72.936	119.714769
73.237	118.491894
73.537	120.523885
73.837	124.337677
74.137	123.667221
74.437	118.169355
74.737	115.825293
75.038	122.435878
75.338	121.981735
75.638	118.743546
75.938	124.192757
76.238	120.962798
76.538	123.082277
76.838	121.041683
77.139	119.254368
77.439	117.999445
77.739	119.721299
78.039	116.758223
78.339	120.792336
78.639	114.549862
78.939	119.414857
79.240	120.922082
79.540	104.276119
79.840	122.301056
80.140	123.880693
80.440	122.161380
80.740	114.268930
81.041	122.321365
81.341	116.050489
81.641	119.057290
81.941	121.283763
82.241	119.264638
82.541	124.882816
82.841	118.816628
83.142	116.530757
83.442	120.543518
83.742	121.288241
84.042	118.286928
84.342	118.874497
84.642	118.222671
84.942	116.339963
85.243	115.548780
85.543	123.006385
85.843	121.323910
86.143	119.912750
86.443	124.095777
86.743	122.418827
87.044	125.951281
87.344	123.225742
87.644	122.602520
87.944	114.922193
88.244	122.947159
88.544	118.260571
88.844	117.970617
89.145	122.090404
89.445	117.985907
89.745	124.998901
90.045	121.260004
90.345	114.836825
90.645	116.084180
90.945	110.625742
91.246	124.959771
91.546	122.885292
91.846	122.034823
92.146	125.328192
92.446	119.908677
92.746	118.222015
93.047	120.088649
93.347	121.139671
93.647	115.008572
93.947	120.953085
94.247	120.012082
94.547	120.579327
94.847	122.382297
95.148	120.148642
95.448	122.239207
95.748	116.715061
96.048	119.222559
96.348	118.727286
96.648	122.848799
96.948	122.397303
97.249	125.262966
97.549	118.196207
97.849	115.348744
98.149	125.110008
98.449	116.990415
98.749	122.111763
99.050	120.534435
99.350	112.739005
99.650	118.156434
99.950	113.683011
100.250	120.184347
100.550	120.184941
100.850	124.312011
101.151	117.076021
101.451	116.782616
101.751	117.575839
102.051	120.264171
102.351	121.560830
102.651	113.311712
102.951	117.603607
103.252	123.285942
103.552	123.217850
103.852	120.923416
104.152	121.072296
104.452	117.948491
104.752	119.053681
105.053	122.101725
105.353	122.506701
105.653	119.774172
105.953	116.490363
106.253	118.720620
106.553	119.327720
106.853	122.498154
107.154	117.697652
107.454	117.838104
107.754	122.029564
108.054	120.246208
108.354	123.197461
108.654	122.428684
108.954	118.882582
109.255	112.662467
109.555	111.982283
109.855	125.276974
110.155	116.865403
110.455	118.583885
110.755	119.060264
111.056	120.308833
111.356	120.140809
111.656	121.753425
111.956	118.774610
112.256	118.381953
112.556	122.767234
112.856	117.852511
113.157	117.516827
113.457	119.550956
113.757	121.140562
114.057	122.241919
114.357	117.129353
114.657	116.565360
114.957	122.707245
115.258	113.080279
115.558	116.357451
115.858	113.937402
116.158	124.170953
116.458	115.998928
116.758	117.325472
117.059	111.510346
117.359	122.016632
117.659	113.189949
117.959	117.551569
118.259	115.862633
118.559	116.816034
118.859	116.903770
119.160	124.445911
119.460	125.869772
119.760	120.440866
120.060	120.485779
120.360	118.077421
120.660	122.140906
120.960	121.691414
121.261	116.574126
121.561	117.166882
121.861	117.378400
122.161	114.586790
122.461	123.951023
122.761	123.428912
123.062	122.063709
123.362	120.116199
123.662	118.536588
123.962	115.148346
124.262	120.083655
124.562	116.717879
124.862	114.195799
125.163	122.347231
125.463	123.825085
125.763	116.629134
126.063	121.306721
126.363	119.861341
126.663	118.978043
126.963	117.123883
127.264	122.959802
127.564	119.656108
127.864	120.246485
128.164	118.740191
128.464	120.299283
128.764	122.549360
129.065	122.252331
129.365	124.070685
129.665	114.760704
129.965	118.714007
130.265	118.489686
130.565	116.446734
130.865	121.312512
131.166	114.340219
131.466	121.957400
131.766	123.110329
132.066	120.558592
132.366	114.655287
132.666	118.051208
132.966	114.808603
133.267	123.813065
133.567	123.011029
133.867	119.295509
134.167	115.684800
134.467	120.988950
134.767	125.245284
135.068	123.319930
135.368	121.426776
135.668	117.356382
135.968	119.768667
136.268	123.369918
136.568	121.693473
136.868	125.600957
137.169	121.565543
137.469	118.319054
137.769	119.344914
138.069	116.041367
138.369	129.691720
138.669	116.992606
138.969	119.486717
139.270	118.694485
139.570	123.454344
139.870	114.754342
140.170	122.504179
140.470	122.178504
140.770	126.750984
141.071	117.521514
141.371	123.537684
141.671	123.255952
141.971	111.920616
142.271	120.980411
142.571	120.161808
142.871	123.982479
143.172	116.170997
143.472	120.887959
143.772	119.464759
144.072	128.011808
144.372	115.291336
144.672	119.814221
144.972	121.045738
145.273	117.248171
145.573	124.927771
145.873	117.398457
146.173	119.053925
146.473	125.546834
146.773	125.196774
147.074	116.516415
147.374	116.240486
147.674	122.209794
147.974	116.761973
148.274	118.006500
148.574	117.156286
148.874	115.904766
149.175	119.658279
149.475	121.947657
149.775	127.190252
150.075	120.168095
150.375	124.254768
150.675	120.955669
150.975	114.932632
151.276	123.465035
151.576	114.742438
151.876	120.651191
152.176	113.586516
152.476	116.591765
152.776	118.681707
153.077	119.113359
153.377	125.646975
153.677	120.879206
153.977	120.766014
154.277	121.331917
154.577	121.610539
154.877	114.310661
155.178	124.056637
155.478	116.340593
155.778	123.413175
156.078	117.639572
156.378	123.901307
156.678	115.826742
156.978	117.191171
157.279	116.504947
157.579	122.570683
157.879	126.703021
158.179	117.417622
158.479	118.187241
158.779	118.786859
159.080	124.340772
159.380	120.422978
159.680	118.548376
159.980	116.719082
160.280	117.930104
160.580	122.566680
160.880	119.183498
161.181	115.344746
161.481	114.672530
161.781	115.902135
162.081	115.034495
162.381	116.912125
162.681	124.721033
162.981	117.747975
163.282	123.070323
163.582	118.115855
163.882	117.258411
164.182	121.330170
164.482	116.279653
164.782	116.959026
165.083	118.586106
165.383	120.568263
165.683	121.589513
165.983	121.405070
166.283	121.276174
166.583	116.421421
166.883	115.305266
167.184	121.825171
167.484	113.585265
167.784	123.029517
168.084	118.964008
168.384	125.063588
168.684	122.405239
168.984	122.371073
169.285	117.551339
169.585	117.293209
169.885	116.883435
170.185	119.968196
170.485	120.390698
170.785	121.421340
171.086	118.323068
171.386	123.641174
171.686	120.232337
171.986	119.186187
172.286	121.217489
172.586	119.191205
172.886	116.557806
173.187	112.315358
173.487	119.694270
173.787	122.557452
174.087	116.677246
174.387	121.825460
174.687	120.120022
174.987	118.893765
175.288	120.816737
175.588	118.606118
175.888	116.319700
176.188	119.604529
176.488	110.661228
176.788	122.039655
177.089	120.406406
177.389	122.096817
177.689	114.755733
177.989	120.810953
178.289	117.333700
178.589	113.622594
178.889	115.610458
179.190	116.569956
179.490	120.243470
179.790	114.845071
180.090	122.394538
180.390	124.636484
180.690	122.515466
180.990	119.357958
181.291	110.630202
181.591	120.793006
181.891	117.235448
182.191	119.008264
182.491	122.027143
182.791	124.108843
183.092	115.553062
183.392	113.205867
183.692	115.482851
183.992	120.311812
184.292	117.716126
184.592	117.051364
184.892	120.538754
185.193	116.660458
185.493	117.056382
185.793	119.381040
186.093	119.092456
186.393	118.885254
186.693	125.024600
186.993	119.524290
187.294	120.735267
187.594	117.996011
187.894	122.412505
188.194	126.861748
188.494	117.812190
188.794	121.746932
189.095	120.131612
189.395	123.959662
189.695	116.893860
189.995	116.721362
190.295	124.791267
190.595	113.670448
190.895	114.886718
191.196	118.949374
191.496	127.784137
191.796	113.395946
192.096	114.910930
192.396	117.495360
192.696	122.502145
192.996	121.865033
193.297	113.198979
193.597	124.370953
193.897	115.029819
194.197	115.064514
194.497	119.332697
194.797	124.810000
195.098	126.759960
195.398	115.004581
195.698	116.380880
195.998	121.246005
196.298	116.132415
196.598	114.581813
196.898	119.516378
197.199	124.059518
197.499	121.595400
197.799	115.271539
198.099	118.641384
198.399	120.825070
198.699	121.578343
198.999	115.087528
199.300	113.777685
199.600	122.240901
199.900	114.251751
200.200	126.873878
200.500	119.186406
200.800	119.646070
201.101	117.689985
201.401	120.405394
201.701	114.811929
202.001	113.096383
202.301	118.841672
202.601	122.183168
202.901	116.571732
203.202	113.863896
203.502	119.454799
203.802	112.356864
204.102	116.225008
204.402	118.860339
204.702	118.341036
205.003	118.070340
205.303	115.272411
205.603	117.914849
205.903	120.419016
206.203	117.665070
206.503	115.390985
206.803	112.648504
207.104	122.986417
207.404	110.061885
207.704	120.448960
208.004	120.053776
208.304	118.021775
208.604	127.043598
208.904	108.830437
209.205	119.628769
209.505	119.242728
209.805	118.901707
210.105	124.379999
210.405	115.305979
210.705	121.786999
211.006	120.791749
211.306	117.617283
211.606	114.181836
211.906	119.519129
212.206	115.878851
212.506	122.925203
212.806	121.706513
213.107	123.940970
213.407	109.746850
213.707	120.637869
214.007	118.147811
214.307	114.126668
214.607	121.088596
214.907	125.039459
215.208	118.954032
215.508	126.164815
215.808	120.628303
216.108	117.859434
216.408	123.358445
216.708	114.617166
217.009	117.260289
217.309	119.488867
217.609	125.836679
217.909	115.135611
218.209	118.750934
218.509	118.405064
218.809	114.185088
219.110	116.787839
219.410	115.643095
219.710	118.601169
220.010	119.400574
220.310	115.124844
220.610	121.561241
220.910	117.985722
221.211	119.357893
221.511	124.860285
221.811	120.615054
222.111	112.372455
222.411	113.821324
222.711	120.496826
223.012	118.627849
223.312	122.996156
223.612	122.022039
223.912	120.642311
224.212	119.818054
224.512	124.181501
224.812	120.644634
225.113	124.041670
225.413	116.057074
225.713	116.996104
226.013	119.327086
226.313	126.673112
226.613	122.233051
226.913	115.709449
227.214	118.959008
227.514	121.782406
227.814	120.686954
228.114	131.576328
228.414	115.471631
228.714	117.743781
229.015	119.484312
229.315	115.663636
229.615	114.654393
229.915	119.978773
230.215	118.425790
230.515	125.778522
230.815	119.250602
231.116	121.586125
231.416	122.618194
231.716	113.541966
232.016	118.196992
232.316	120.506397
232.616	116.553880
232.916	116.110553
233.217	117.195778
233.517	115.251411
233.817	116.467316
234.117	115.934628
234.417	115.544814
234.717	117.538316
235.018	123.802525
235.318	118.402705
235.618	119.741766
235.918	114.792085
236.218	122.783459
236.518	116.944239
236.818	118.860954
237.119	125.041021
237.419	115.412351
237.719	117.546294
238.019	122.395211
238.319	120.836418
238.619	118.125596
238.919	120.099269
239.220	115.475062
239.520	116.419490
239.820	118.109261
240.120	122.127673
240.420	121.818848
240.720	123.117522
241.021	117.154275
241.321	119.881357
241.621	113.783738
241.921	116.562785
242.221	122.493159
242.521	125.496195
242.821	119.990147
243.122	126.419721
243.422	120.965141
243.722	116.228423
244.022	125.698627
244.322	123.638580
244.622	116.184882
244.922	120.783593
245.223	117.582281
245.523	119.644187
245.823	117.222059
246.123	116.872901
246.423	115.170440
246.723	120.591333
247.024	119.171481
247.324	121.207087
247.624	123.300100
247.924	122.433557
248.224	118.710782
248.524	114.826715
248.824	122.447300
249.125	122.598144
249.425	123.825611
249.725	119.971166
250.025	128.159481
250.325	122.214923
250.625	123.591508
250.925	118.277467
251.226	118.851397
251.526	117.482208
251.826	122.813177
252.126	120.217315
252.426	114.888648
252.726	115.643279
253.027	117.529617
253.327	113.511342
253.627	118.680696
253.927	114.319496
254.227	122.485558
254.527	120.688332
254.827	118.074760
255.128	123.343083
255.428	117.647085
255.728	120.269826
256.028	117.856628
256.328	117.443768
256.628	120.864690
256.928	122.798121
257.229	118.255414
257.529	111.423435
257.829	118.104954
258.129	112.404177
258.429	118.968305
258.729	120.779491
259.030	118.885047
259.330	118.187559
259.630	120.755490
259.930	117.323438
260.230	114.914427
260.530	115.336325
260.830	119.668170
261.131	117.921231
261.431	123.095874
261.731	116.435289
262.031	120.746062
262.331	125.238292
262.631	115.624166
262.931	118.257589
263.232	118.782105
263.532	112.982391
263.832	115.113727
264.132	117.120036
264.432	114.317347
264.732	120.506406
265.033	116.847838
265.333	120.685827
265.633	122.113778
265.933	116.409557
266.233	122.643673
266.533	125.866060
266.833	122.443911
267.134	123.456192
267.434	114.586212
267.734	117.023089
268.034	127.049341
268.334	118.579452
268.634	122.997483
268.934	119.412994
269.235	114.879480
269.535	116.697778
269.835	118.582665
270.135	116.153747
270.435	117.191412
270.735	112.556066
271.036	118.615242
271.336	122.324836
271.636	124.368979
271.936	119.207467
272.236	116.036507
272.536	119.195081
272.836	121.251121
273.137	119.288901
273.437	116.865483
273.737	121.220945
274.037	125.093419
274.337	120.859090
274.637	118.144206
274.937	123.596254
275.238	122.450929
275.538	120.811620
275.838	120.453193
276.138	117.016394
276.438	118.472636
276.738	120.272705
277.039	118.846092
277.339	123.198414
277.639	106.606014
277.939	121.158491
278.239	115.748553
278.539	123.188375
278.839	117.352584
279.140	113.819767
279.440	120.495567
279.740	121.270617
280.040	122.162276
280.340	117.219842
280.640	113.974440
280.940	116.146991
281.241	117.269332
281.541	117.751975
281.841	118.444933
282.141	116.677548
282.441	122.841926
282.741	123.796330
283.042	117.292579
283.342	118.878447
283.642	123.608645
283.942	121.443115
284.242	119.591274
284.542	124.800249
284.842	110.853929
285.143	122.799185
285.443	115.984319
285.743	121.046598
286.043	112.762273
286.343	120.220027
286.643	117.572955
286.943	118.912623
287.244	123.797008
287.544	115.538185
287.844	121.263556
288.144	121.194688
288.444	118.436696
288.744	117.010133
289.045	118.380512
289.345	118.556193
289.645	113.428249
289.945	118.032935
290.245	120.415343
290.545	112.519825
290.845	120.307710
291.146	122.060992
291.446	122.604078
291.746	118.467861
292.046	122.020380
292.346	122.438511
292.646	119.391937
292.946	117.809095
293.247	123.466852
293.547	126.786165
293.847	118.348313
294.147	117.492261
294.447	118.046374
294.747	117.082566
295.048	118.455758
295.348	121.285680
295.648	120.160807
295.948	117.727581
296.248	115.246443
296.548	116.037490
296.848	121.416962
297.149	122.435811
297.449	115.106663
297.749	117.556596
298.049	116.079040
298.349	119.783227
298.649	127.331437
298.949	118.276215
299.250	124.908335
299.550	121.291865
299.850	121.581625
300.150	123.114612
300.450	113.832560
300.750	120.360250
301.051	117.900837
301.351	120.041351
301.651	115.495998
301.951	117.506400
302.251	125.289414
302.551	121.919309
302.851	123.294241
303.152	120.446665
303.452	116.317902
303.752	120.484639
304.052	115.923727
304.352	122.031440
304.652	119.829176
304.952	117.013257
305.253	114.031668
305.553	120.247051
305.853	119.785008
306.153	125.500329
306.453	121.536768
306.753	116.939792
307.054	117.118992
307.354	118.424723
307.654	122.937905
307.954	119.198465
308.254	127.235552
308.554	121.034533
308.854	123.935958
309.155	118.662458
309.455	120.422848
309.755	125.138200
310.055	127.272068
310.355	115.254758
310.655	120.116890
310.955	118.338438
311.256	110.732784
311.556	118.455558
311.856	118.273796
312.156	119.974279
312.456	116.876531
312.756	118.843098
313.057	123.643657
313.357	124.154711
313.657	113.448442
313.957	119.958507
314.257	122.428244
314.557	115.723012
314.857	119.462665
315.158	117.471883
315.458	114.270962
315.758	119.149717
316.058	115.655020
316.358	123.456114
316.658	120.678921
316.958	120.902149
317.259	118.825385
317.559	123.997700
317.859	119.298175
318.159	121.791724
318.459	125.856259
318.759	120.182154
319.060	120.739775
319.360	117.867295
319.660	118.736118
319.960	119.557457
320.260	120.736349
320.560	114.095804
320.860	120.602288
321.161	120.462058
321.461	119.219886
321.761	117.183581
322.061	121.990089
322.361	124.876340
322.661	114.835760
322.961	119.268424
323.262	109.971792
323.562	118.959731
323.862	119.639324
324.162	116.234096
324.462	119.017781
324.762	115.413808
325.063	116.346002
325.363	116.258508
325.663	121.541305
325.963	125.123778
326.263	116.586894
326.563	116.494729
326.863	120.850800
327.164	117.745488
327.464	120.068877
327.764	117.854399
328.064	115.300913
328.364	117.452070
328.664	125.523858
328.964	122.779802
329.265	120.545019
329.565	125.094598
329.865	117.322434
330.165	117.308035
330.465	122.574334
330.765	120.680424
331.066	115.993797
331.366	113.226158
331.666	117.047304
331.966	116.380701
332.266	123.841790
332.566	123.505490
332.866	124.468031
333.167	118.481400
333.467	123.777596
333.767	121.420358
334.067	122.188185
334.367	122.044372
334.667	122.721283
334.967	123.308730
335.268	120.194236
335.568	118.005202
335.868	123.850040
336.168	117.481876
336.468	117.340054
336.768	120.446106
337.069	116.916470
337.369	119.276833
337.669	122.715763
337.969	118.467922
338.269	120.299118
338.569	117.356749
338.869	121.501012
339.170	116.354973
339.470	119.362866
339.770	123.287902
340.070	123.385866
340.370	126.642655
340.670	122.252393
340.970	124.793995
341.271	121.197218
341.571	119.317734
341.871	120.270459
342.171	119.010202
342.471	113.718715
342.771	113.795711
343.072	113.900571
343.372	122.372350
343.672	120.532632
343.972	120.652251
344.272	117.501564
344.572	122.379629
344.872	118.787177
345.173	113.252936
345.473	117.152846
345.773	121.226571
346.073	118.336033
346.373	115.697196
346.673	118.756702
346.973	118.770586
347.274	117.408869
347.574	115.994588
347.874	124.579157
348.174	117.327500
348.474	118.531090
348.774	124.471771
349.075	118.233870
349.375	117.070569
349.675	119.574563
349.975	115.838494
350.275	123.061082
350.575	119.718383
350.875	120.008008
351.176	119.692975
351.476	117.264588
351.776	120.128126
352.076	116.488873
352.376	119.312312
352.676	117.793332
352.976	116.296579
353.277	122.166027
353.577	115.430750
353.877	117.107683
354.177	114.152410
354.477	120.811855
354.777	110.908507
355.078	123.599526
355.378	122.051870
355.678	117.004536
355.978	117.424496
356.278	118.211272
356.578	121.984950
356.878	114.829796
357.179	124.163637
357.479	119.673636
357.779	122.603682
358.079	113.087023
358.379	119.674821
358.679	123.936289
358.979	117.894593
359.280	117.251080
359.580	113.618464
359.880	124.862825
360.180	111.922569
360.480	118.386694
360.780	124.748492
361.081	118.285334
361.381	115.234172
361.681	120.453611
361.981	122.986351
362.281	125.707684
362.581	116.456235
362.881	122.197298
363.182	120.301082
363.482	117.032996
363.782	116.015236
364.082	114.889097
364.382	110.314781
364.682	116.995364
364.982	114.564481
365.283	118.563769
365.583	119.155347
365.883	121.973966
366.183	121.700579
366.483	115.199254
366.783	114.300995
367.084	121.215221
367.384	122.366925
367.684	115.946867
367.984	122.573722
368.284	115.811243
368.584	114.825217
368.884	119.286171
369.185	122.298462
369.485	115.928495
369.785	120.904166
370.085	118.669543
370.385	116.621924
370.685	116.476700
370.985	119.902383
371.286	114.502250
371.586	116.121510
371.886	120.733889
372.186	113.810070
372.486	118.423280
372.786	113.069487
373.087	115.858537
373.387	121.917975
373.687	117.778051
373.987	113.300663
374.287	111.373356
374.587	110.592379
374.887	118.457013
375.188	117.353830
375.488	115.141760
375.788	112.774884
376.088	112.877634
376.388	119.902272
376.688	118.756603
376.988	120.920592
377.289	118.028606
377.589	115.082583
377.889	117.548220
378.189	107.500064
378.489	112.050235
378.789	119.768097
379.090	119.009037
379.390	116.285204
379.690	114.531491
379.990	115.480547
380.290	114.041301
380.590	123.523484
380.890	115.292771
381.191	120.981394
381.491	113.369047
381.791	109.916797
382.091	113.589293
382.391	111.625652
382.691	114.021551
382.991	112.320638
383.292	107.264069
383.592	115.022315
383.892	114.994654
384.192	121.746638
384.492	111.105556
384.792	116.016200
385.093	111.581247
385.393	115.676077
385.693	115.078869
385.993	106.515978
386.293	114.597180
386.593	113.928724
386.893	108.633927
387.194	114.383922
387.494	117.319940
387.794	108.900375
388.094	116.516921
388.394	110.129834
388.694	111.365505
388.994	111.491361
389.295	110.965748
389.595	112.205542
389.895	115.076867
390.195	116.511454
390.495	108.372833
390.795	112.420123
391.096	113.733242
391.396	110.826123
391.696	113.077297
391.996	119.110228
392.296	114.867714
392.596	115.323515
392.896	108.567370
393.197	114.846708
393.497	104.396462
393.797	114.703368
394.097	111.386183
394.397	109.277135
394.697	109.406936
394.997	112.849635
395.298	113.778275
395.598	114.176959
395.898	103.235249
396.198	114.791827
396.498	118.891668
396.798	110.536539
397.099	107.791943
397.399	107.410399
397.699	111.025918
397.999	105.293603
398.299	116.330969
398.599	113.586666
398.899	112.819768
399.200	110.452967
399.500	111.804302
399.800	114.115220
400.100	110.417106
400.400	117.956416
400.700	110.353063
401.001	114.461318
401.301	106.631685
401.601	107.474963
401.901	113.863172
402.201	111.344785
402.501	108.919616
402.801	106.645435
403.102	109.208877
403.402	100.855208
403.702	117.231228
404.002	107.339225
404.302	106.909404
404.602	114.713446
404.902	105.775616
405.203	108.278890
405.503	112.351365
405.803	114.875477
406.103	107.077136
406.403	109.532963
406.703	108.056108
407.004	113.230721
407.304	107.180937
407.604	109.583357
407.904	110.038487
408.204	113.927357
408.504	113.019346
408.804	107.539709
409.105	108.457942
409.405	110.185327
409.705	107.434806
410.005	109.114596
410.305	107.473804
410.605	101.914124
410.905	112.636237
411.206	104.799101
411.506	108.953067
411.806	111.528559
412.106	97.816373
412.406	105.745947
412.706	104.467557
413.007	109.682019
413.307	107.564816
413.607	104.349341
413.907	111.547389
414.207	106.258865
414.507	105.464133
414.807	106.796056
415.108	107.979281
415.408	104.287013
415.708	109.418248
416.008	111.780474
416.308	109.886563
416.608	110.751749
416.908	104.785579
417.209	110.267301
417.509	108.894384
417.809	109.449153
418.109	103.468671
418.409	105.214191
418.709	108.590435
419.010	105.455199
419.310	101.556237
419.610	107.940435
419.910	106.237307
420.210	105.491657
420.510	108.744246
420.810	108.930681
421.111	109.459897
421.411	106.544131
421.711	106.621305
422.011	108.034193
422.311	107.833964
422.611	110.181826
422.911	108.582399
423.212	110.771893
423.512	111.599160
423.812	104.412407
424.112	110.848902
424.412	104.411055
424.712	101.084111
425.013	106.418148
425.313	111.727915
425.613	109.052841
425.913	102.658362
426.213	107.266002
426.513	103.558982
426.813	102.954345
427.114	110.833775
427.414	105.466969
427.714	105.194343
428.014	105.077326
428.314	109.785801
428.614	106.159118
428.914	107.754474
429.215	108.947869
429.515	108.702963
429.815	104.041169
430.115	101.406370
430.415	105.085317
430.715	104.376772
431.016	108.137022
431.316	101.206195
431.616	106.914328
431.916	104.866544
432.216	101.624512
432.516	116.713986
432.816	102.039168
433.117	105.432969
433.417	110.966057
433.717	103.164836
434.017	99.975597
434.317	106.955262
434.617	101.815393
434.917	101.717390
435.218	100.281136
435.518	105.853343
435.818	110.529659
436.118	105.066960
436.418	102.945493
436.718	101.234441
437.019	103.612368
437.319	106.177954
437.619	101.218918
437.919	103.589393
438.219	96.648524
438.519	103.813211
438.819	107.228170
439.120	100.199197
439.420	108.234957
439.720	106.040331
440.020	99.862982
440.320	105.447719
440.620	105.095129
440.920	103.137643
441.221	104.239689
441.521	107.161345
441.821	105.987319
442.121	101.710599
442.421	99.330387
442.721	103.050344
443.022	97.409785
443.322	101.802029
443.622	104.980671
443.922	97.825908
444.222	104.385224
444.522	100.014180
444.822	95.341291
445.123	100.609391
445.423	106.342127
445.723	99.720671
446.023	102.368587
446.323	101.752501
446.623	95.996492
446.923	104.234341
447.224	106.048684
447.524	96.469638
447.824	104.404855
448.124	102.501901
448.424	103.505535
448.724	101.783636
449.025	97.727215
449.325	104.762000
449.625	94.695086
449.925	104.551159
450.225	96.351120
450.525	103.776930
450.825	102.192314
451.126	102.401681
451.426	100.354985
451.726	101.833182
452.026	99.645106
452.326	101.642193
452.626	101.944796
452.926	96.150179
453.227	100.108640
453.527	105.911424
453.827	101.685025
454.127	100.024023
454.427	100.676710
454.727	96.538968
455.028	101.556368
455.328	103.732707
455.628	98.314140
455.928	100.951527
456.228	98.528649
456.528	107.006271
456.828	99.241962
457.129	97.518259
457.429	97.287515
457.729	100.122065
458.029	99.612175
458.329	103.262995
458.629	99.104419
458.929	99.804953
459.230	99.222059
459.530	104.712201
459.830	101.232408
460.130	101.126440
460.430	91.124752
460.730	99.960185
461.031	100.671696
461.331	99.140978
461.631	101.251693
461.931	103.128110
462.231	94.419026
462.531	91.168204
462.831	104.895726
463.132	93.181802
463.432	95.025395
463.732	104.391719
464.032	106.897980
464.332	100.574735
464.632	94.695072
464.932	94.895246
465.233	101.340121
465.533	96.149465
465.833	94.009910
466.133	98.753367
466.433	99.606780
466.733	93.566829
467.034	102.700021
467.334	100.312321
467.634	99.013114
467.934	100.842377
468.234	105.825145
468.534	99.286245
468.834	101.206298
469.135	96.963436
469.435	100.633948
469.735	96.237865
470.035	99.326021
470.335	98.108299
470.635	96.444334
470.935	98.718670
471.236	99.149156
471.536	99.859241
471.836	97.335504
472.136	106.326466
472.436	95.244127
472.736	95.472948
473.037	97.493309
473.337	98.164957
473.637	92.398407
473.937	96.560086
474.237	100.882136
474.537	101.564297
474.837	94.962748
475.138	96.440141
475.438	99.047711
475.738	97.014155
476.038	94.401058
476.338	92.220399
476.638	95.767387
476.938	100.926202
477.239	90.959302
477.539	94.132549
477.839	97.256221
478.139	102.549600
478.439	98.759951
478.739	93.502002
479.040	99.698433
479.340	102.215424
479.640	97.459751
479.940	98.183013
480.240	98.853514
480.540	98.045625
480.840	97.092966
481.141	100.338412
481.441	96.917750
481.741	90.905677
482.041	97.389456
482.341	89.208326
482.641	90.289592
482.941	93.854621
483.242	94.484873
483.542	91.648511
483.842	97.152480
484.142	94.182159
484.442	93.856151
484.742	99.231998
485.043	95.161259
485.343	100.889807
485.643	100.691671
485.943	95.350853
486.243	95.801032
486.543	90.673877
486.843	94.876008
487.144	94.484039
487.444	101.200444
487.744	93.054375
488.044	96.799939
488.344	95.290805
488.644	89.797680
488.944	96.281771
489.245	98.531022
489.545	92.925907
489.845	98.975076
490.145	94.167483
490.445	97.114156
490.745	87.956098
491.046	89.815433
491.346	100.002853
491.646	97.878633
491.946	92.087640
492.246	89.305413
492.546	98.688271
492.846	94.187297
493.147	94.753968
493.447	91.641293
493.747	93.701727
494.047	93.087692
494.347	96.859138
494.647	92.962593
494.947	93.608426
495.248	93.060817
495.548	93.838194
495.848	89.900628
496.148	97.027918
496.448	94.808184
496.748	90.308869
497.049	101.657883
497.349	93.670189
497.649	92.894295
497.949	86.530708
498.249	94.315629
498.549	93.816739
498.849	92.525138
499.150	89.506922
499.450	91.906621
499.750	96.255332
500.050	91.609296
500.350	93.349785
500.650	97.399050
500.950	85.319282
501.251	87.558719
501.551	94.805338
501.851	91.093300
502.151	99.692809
502.451	96.333614
502.751	95.405570
503.052	91.186903
503.352	93.706758
503.652	92.412894
503.952	91.541751
504.252	87.954016
504.552	90.621060
504.852	92.815791
505.153	93.814894
505.453	88.108667
505.753	94.210222
506.053	90.004607
506.353	98.138395
506.653	93.288899
506.953	94.448134
507.254	92.370605
507.554	92.738750
507.854	85.416470
508.154	80.891437
508.454	93.564109
508.754	94.311878
509.055	91.097287
509.355	91.051051
509.655	95.044857
509.955	88.954819
510.255	92.821098
510.555	95.402885
510.855	86.402785
511.156	89.916953
511.456	85.767094
511.756	95.649928
512.056	82.807330
512.356	94.155872
512.656	90.668055
512.956	91.263918
513.257	96.299826
513.557	90.982708
513.857	93.813380
514.157	95.084979
514.457	83.483714
514.757	90.838236
515.058	92.364697
515.358	81.470047
515.658	93.696216
515.958	93.408126
516.258	87.473758
516.558	91.598703
516.858	86.099233
517.159	89.859754
517.459	92.103722
517.759	86.687075
518.059	90.032834
518.359	85.250523
518.659	96.066709
518.959	87.918173
519.260	87.624004
519.560	88.872469
519.860	94.520717
520.160	89.546134
520.460	89.920445
520.760	84.390349
521.061	84.020919
521.361	90.250817
521.661	90.510297
521.961	82.750282
522.261	92.662216
522.561	90.178307
522.861	95.090652
523.162	83.723244
523.462	85.556474
523.762	90.116202
524.062	95.103056
524.362	87.372415
524.662	89.988468
524.962	89.597252
525.263	85.480027
525.563	89.718948
525.863	85.581076
526.163	84.044358
526.463	90.117848
526.763	84.233110
527.064	88.244859
527.364	87.746592
527.664	91.420960
527.964	97.048417
528.264	89.479879
528.564	90.323046
528.864	88.473911
529.165	86.685624
529.465	87.441141
529.765	86.048462
530.065	88.148655
530.365	89.630940
530.665	90.996794
530.965	88.060175
531.266	89.177635
531.566	91.877887
531.866	89.958112
532.166	86.147288
532.466	87.905606
532.766	88.075431
533.067	87.022363
533.367	83.967814
533.667	87.046125
533.967	85.190016
534.267	86.685183
534.567	88.902722
534.867	87.831630
535.168	86.989846
535.468	91.264232
535.768	84.456074
536.068	83.741555
536.368	82.797550
536.668	79.036905
536.968	90.842340
537.269	91.448511
537.569	96.256203
537.869	83.952940
538.169	88.283132
538.469	85.115785
538.769	89.785327
539.070	87.600256
539.370	84.843071
539.670	86.474507
539.970	88.861421
540.270	85.583167
540.570	90.594943
540.870	86.927538
541.171	89.492512
541.471	84.500859
541.771	91.753641
542.071	84.879257
542.371	87.626560
542.671	87.969497
542.971	86.332419
543.272	89.087923
543.572	83.538863
543.872	82.731066
544.172	88.948704
544.472	86.210189
544.772	82.081006
545.073	79.309414
545.373	84.819140
545.673	86.758564
545.973	82.340150
546.273	88.408256
546.573	84.283619
546.873	87.039075
547.174	90.353104
547.474	83.381884
547.774	83.066765
548.074	85.796092
548.374	90.185973
548.674	82.254288
548.974	90.749698
549.275	83.857529
549.575	86.326941
549.875	87.137974
550.175	79.640577
550.475	87.540409
550.775	78.195393
551.076	84.976956
551.376	82.046925
551.676	78.746786
551.976	77.446773
552.276	78.733409
552.576	85.941600
552.876	87.335772
553.177	87.447936
553.477	81.198517
553.777	81.252776
554.077	86.801854
554.377	79.733083
554.677	82.535517
554.977	84.531240
555.278	82.774843
555.578	83.210775
555.878	83.912053
556.178	82.820292
556.478	86.719236
556.778	79.630430
557.079	82.534511
557.379	88.067123
557.679	86.867337
557.979	85.173254
558.279	86.925447
558.579	86.327198
558.879	83.802107
559.180	81.142823
559.480	81.866167
559.780	80.961324
560.080	84.437147
560.380	83.567311
560.680	91.295718
560.980	83.612151
561.281	81.623056
561.581	78.689700
561.881	86.827143
562.181	86.053838
562.481	78.142101
562.781	89.193024
563.082	83.062746
563.382	84.165156
563.682	76.963108
563.982	78.180183
564.282	84.818542
564.582	82.337024
564.882	77.532109
565.183	84.033569
565.483	85.970776
565.783	75.586558
566.083	87.397394
566.383	80.309821
566.683	80.126468
566.983	84.495251
567.284	85.127837
567.584	79.875003
567.884	82.597169
568.184	79.596788
568.484	79.759543
568.784	81.094337
569.085	80.496580
569.385	80.398446
569.685	84.777839
569.985	79.728981
570.285	83.242849
570.585	74.119349
570.885	78.339806
571.186	79.694418
571.486	81.750049
571.786	84.312546
572.086	82.929151
572.386	82.373570
572.686	80.452850
572.986	82.848647
573.287	85.974910
573.587	78.327763
573.887	76.019241
574.187	78.645537
574.487	88.257040
574.787	77.375987
575.088	77.623543
575.388	82.406058
575.688	72.843234
575.988	81.931884
576.288	81.904723
576.588	82.101624
576.888	76.827170
577.189	80.885953
577.489	86.091854
577.789	83.953366
578.089	82.237997
578.389	86.094438
578.689	78.519829
578.989	77.503592
579.290	84.475244
579.590	82.492336
579.890	78.662629
580.190	84.083190
580.490	82.007578
580.790	82.848861
581.091	86.108463
581.391	77.628377
581.691	81.148744
581.991	79.673111
582.291	81.951475
582.591	80.663439
582.891	81.479053
583.192	79.764399
583.492	74.286305
583.792	79.795069
584.092	83.785493
584.392	84.386022
584.692	79.742411
584.992	82.290188
585.293	81.737272
585.593	79.163692
585.893	80.471707
586.193	81.103138
586.493	80.219072
586.793	78.965501
587.094	73.811637
587.394	78.040066
587.694	79.251984
587.994	83.944544
588.294	77.470106
588.594	81.033812
588.894	75.827399
589.195	69.139797
589.495	80.371955
589.795	75.454503
590.095	75.665495
590.395	82.056426
590.695	80.211918
590.995	75.593479
591.296	74.373122
591.596	80.064970
591.896	82.818631
592.196	76.319963
592.496	78.974335
592.796	79.345671
593.097	85.650136
593.397	81.007431
593.697	76.579133
593.997	81.153776
594.297	78.208490
594.597	83.333867
594.897	75.050922
595.198	76.336628
595.498	83.104508
595.798	75.568808
596.098	82.226530
596.398	78.852687
596.698	78.694157
596.998	74.663240
597.299	76.190415
597.599	79.724648
597.899	74.416812
598.199	75.849550
598.499	77.422467
598.799	75.271936
599.100	78.278581
599.400	74.955335
599.700	77.832266
600.000	80.796217
